line
0 287 0 32 287 0
line
0 288 0 32 288 0
line
0 289 0 32 289 0
line
0 290 0 32 290 0
line
0 291 0 32 291 0
line
0 292 0 32 292 0
line
0 293 0 32 293 0
line
0 294 0 32 294 0
line
0 295 0 32 295 0
line
467 287 0 499 287 0
line
467 288 0 499 288 0
line
467 289 0 499 289 0
line
467 290 0 499 290 0
line
467 291 0 499 291 0
line
467 292 0 499 292 0
line
467 293 0 499 293 0
line
467 294 0 499 294 0
line
467 295 0 499 295 0
line
41 305 0 79 201 0
line
42 305 0 80 201 0
line
43 305 0 81 201 0
line
44 305 0 82 201 0
line
45 305 0 83 201 0
line
46 305 0 84 201 0
line
47 305 0 85 201 0
line
48 305 0 86 201 0
line
49 305 0 87 201 0
line
412 201 0 450 305 0
line
413 201 0 451 305 0
line
414 201 0 452 305 0
line
415 201 0 453 305 0
line
416 201 0 454 305 0
line
417 201 0 455 305 0
line
418 201 0 456 305 0
line
419 201 0 457 305 0
line
420 201 0 458 305 0
line
89 195 0 150 195 0
line
89 196 0 150 196 0
line
89 197 0 150 197 0
line
89 198 0 150 198 0
line
89 199 0 150 199 0
line
89 200 0 150 200 0
line
89 201 0 150 201 0
line
89 202 0 150 202 0
line
89 203 0 150 203 0
line
349 195 0 410 195 0
line
349 196 0 410 196 0
line
349 197 0 410 197 0
line
349 198 0 410 198 0
line
349 199 0 410 199 0
line
349 200 0 410 200 0
line
349 201 0 410 201 0
line
349 202 0 410 202 0
line
349 203 0 410 203 0
hermite
172 302 172 196 -72 -102 72 -102
hermite
173 302 173 196 -72 -102 72 -102
hermite
174 302 174 196 -72 -102 72 -102
hermite
175 302 175 196 -72 -102 72 -102
hermite
176 302 176 196 -72 -102 72 -102
hermite
177 302 177 196 -72 -102 72 -102
hermite
178 302 178 196 -72 -102 72 -102
hermite
179 302 179 196 -72 -102 72 -102
hermite
320 302 320 196 72 -102 -72 -102
hermite
321 302 321 196 72 -102 -72 -102
hermite
322 302 322 196 72 -102 -72 -102
hermite
323 302 323 196 72 -102 -72 -102
hermite
324 302 324 196 72 -102 -72 -102
hermite
325 302 325 196 72 -102 -72 -102
hermite
326 302 326 196 72 -102 -72 -102
hermite
327 302 327 196 72 -102 -72 -102
hermite
203 296 217 272 28 -15 0 -33
hermite
203 296 218 271 28 -15 0 -33
hermite
203 296 219 271 29 -14 0 -33
hermite
203 296 220 270 29 -14 0 -33
hermite
203 296 221 270 29 -14 0 -33
hermite
203 296 222 270 30 -13 0 -33
hermite
203 296 223 270 30 -13 0 -33
hermite
203 296 223 270 30 -13 0 -35
hermite
203 296 224 271 30 -13 0 -33
hermite
203 296 225 271 31 -12 0 -33
hermite
233 304 246 281 28 -15 0 -33
hermite
233 304 247 280 28 -15 0 -33
hermite
233 304 248 280 28 -15 0 -33
hermite
233 304 249 279 29 -14 0 -33
hermite
233 304 250 279 29 -14 0 -33
hermite
233 304 251 279 29 -14 0 -33
hermite
233 304 252 279 30 -13 0 -33
hermite
233 304 253 280 30 -13 0 -33
hermite
233 304 254 280 30 -13 0 -33
line
277 301 0 291 289 0
line
278 301 0 292 289 0
line
279 301 0 293 289 0
line
280 301 0 294 289 0
line
281 301 0 295 289 0
line
282 301 0 296 289 0
bezier
211 218 254 238 264 250 283 295
bezier
211 218 254 238 264 250 284 295
bezier
211 218 254 237 265 250 284 294
bezier
211 218 254 237 265 251 285 294
bezier
211 218 254 236 266 251 285 294
bezier
211 218 255 236 266 251 285 293
bezier
211 218 255 236 270 251 286 293
bezier
211 218 255 235 267 251 286 293
bezier
211 218 255 235 267 251 286 292
bezier
211 218 255 235 267 251 287 292
bezier
211 218 255 234 268 252 287 292
bezier
211 218 255 234 268 252 288 292
bezier
211 218 255 234 268 252 288 291
bezier
211 218 255 233 269 252 288 291
bezier
211 218 255 233 269 252 289 291
bezier
211 218 256 233 269 252 289 290
bezier
211 218 256 232 270 252 289 290
bezier
211 218 256 232 270 253 290 290
bezier
211 218 256 231 271 253 290 289
bezier
211 218 256 231 271 253 291 289
display
save
shrug.png